3
0,0,0
15
210.0,861.0
260.0,1054.0
347.0,1201.0
570.0,1243.0
775.0,1248.0
880.0,1226.0
984.0,1085.0
1083.0,1010.0
1190.0,1019.0
1243.0,1071.0
1275.0,1144.0
1278.0,1207.0
1246.0,1284.0
1144.0,1348.0
108.0,1353.0
0,0,0
20
2068.0,1338.0
1926.0,1249.0
1917.0,1220.0
1911.0,1155.0
1926.0,1108.0
1989.0,1059.0
2092.0,1036.0
2139.0,1033.0
2217.0,1069.0
2267.0,1112.0
2333.0,1150.0
2526.0,1233.0
2570.0,1233.0
2678.0,1240.0
2770.0,1239.0
2823.0,1204.0
2860.0,1147.0
2884.0,1022.0
2904.0,868.0
2968.0,1348.0
0,0,255
0
66
8,697.4459032991136,1246.212433490237,1.0,0,255,0,false
8,1198.121499168389,1015.7607796937573,200.0,0,0,255,true
8,1220.5431885919995,1022.860158150326,200.0,0,0,255,false
8,1250.7725515360466,1031.9412984619435,200.0,0,0,255,false
8,1280.9104791905534,1040.5336521675092,200.0,0,0,255,false
8,1310.9637667230463,1048.5198615662348,200.0,0,0,255,false
8,1340.9967521473723,1055.729060879447,200.0,0,0,255,false
8,1371.0223457931718,1062.1885343741928,200.0,0,0,255,false
8,1400.980672868977,1068.2431351154219,200.0,0,0,255,false
8,1430.8403828292662,1074.2572631281978,200.0,0,0,255,false
8,1460.6190947558907,1080.3760609556234,200.0,0,0,255,false
8,1490.398909515246,1086.2925696286616,200.0,0,0,255,false
8,1520.265466745589,1091.5941434095519,200.0,0,0,255,false
8,1550.2288975900763,1096.2249112596448,200.0,0,0,255,false
8,1580.2847886705283,1100.1044336612754,200.0,0,0,255,false
8,1610.3338031325852,1103.2500819759857,200.0,0,0,255,false
8,1640.3838661986842,1105.7562264591486,200.0,0,0,255,false
8,1670.3976032214575,1107.577621959317,200.0,0,0,255,false
8,1700.355221958459,1108.6393453108237,200.0,0,0,255,false
8,1730.245880186979,1108.7690938543128,200.0,0,0,255,false
8,1760.0468984304234,1107.712723247457,200.0,0,0,255,false
8,1789.712827113149,1105.2119261770079,200.0,0,0,255,false
8,1819.187623320027,1101.1029699420394,200.0,0,0,255,false
8,1848.430257843081,1095.363047000431,200.0,0,0,255,false
8,1877.4174604617422,1088.0973621921162,200.0,0,0,255,false
8,1906.1805045061424,1079.4892427770599,200.0,0,0,255,false
8,1935.103124666887,1069.7515731706424,200.0,0,0,255,false
8,1964.5726511063149,1059.4703223072854,200.0,0,0,255,false
8,1982.0,1053.0,200.0,0,0,255,true
25,2427.168933842217,1163.3463947475134,1962.0,255,255,0,false
25,2773.6205995960663,1172.3890276226075,1962.0,255,255,0,false
25,2482.880075380464,1185.883913589066,1962.0,255,255,0,false
25,2667.008680298294,1153.629228240916,1962.0,255,255,0,false
25,2821.8592377008404,1157.5728042451865,1962.0,255,255,0,false
25,2689.455599746784,1208.3187541362174,1962.0,255,255,0,false
25,2594.7292216529463,1179.7571860665917,1962.0,255,255,0,false
25,2736.247704388518,1190.3402958737745,1962.0,255,255,0,false
25,2539.607564792442,1103.7555239668986,1962.0,255,255,0,false
25,2629.750499996797,1195.9568192331615,1962.0,255,255,0,false
15,2589.645376532061,1219.1639476618561,706.0,0,255,0,false
15,2529.8533529450106,1218.0511487438175,706.0,0,255,0,false
15,2815.131061023188,1188.6427153725626,706.0,0,255,0,false
15,2559.481261016284,1218.0295111461892,706.0,0,255,0,false
15,5064.8811950718955,19440.44441178832,706.0,0,255,0,false
15,2535.308843240964,1189.3093960996466,706.0,0,255,0,false
15,2764.6153029218035,1213.7221049118905,706.0,0,255,0,false
15,2658.3350132191854,1221.098685820478,706.0,0,255,0,false
15,1449.8152584162297,1060.0987820740654,706.0,0,255,0,false
15,1567.4634673707837,1081.1174223028224,706.0,0,255,0,false
10,2613.85779692159,1225.0590204020689,314.0,0,0,255,false
10,2634.1131146662237,1227.1912970197498,314.0,0,0,255,false
10,2796.2565752406445,1209.7465720352195,314.0,0,0,255,false
10,2746.896006574634,1083.797136270952,314.0,0,0,255,false
10,2560.5090151729955,1191.8040167417153,314.0,0,0,255,false
10,2505.049965945982,1213.0922664809068,314.0,0,0,255,false
10,2381.5149797483527,1156.4587912329714,314.0,0,0,255,false
10,1951.9474199345048,1075.2526742264513,314.0,0,0,255,false
3,2308.5712258941862,1085.062796445672,28.0,255,0,255,false
3,2790.3694251835464,1143.8116229464558,28.0,255,0,255,false
3,2861.49319671165,1113.421189662494,28.0,255,0,255,false
3,2391.717972961001,1142.4254879083223,28.0,255,0,255,false
3,2423.7218534488843,1134.332052969444,28.0,255,0,255,false
3,2949.9057775344572,876.8153286591767,28.0,255,0,255,false
3,2850.7543493733483,1152.594860896043,28.0,255,0,255,false
3,1925.5438153375594,550.9276219731067,28.0,255,0,255,false
28
2,3,17.0
3,4,17.0
4,5,17.0
5,6,17.0
6,7,17.0
7,8,17.0
8,9,17.0
9,10,17.0
10,11,17.0
11,12,17.0
12,13,17.0
13,14,17.0
14,15,17.0
15,16,17.0
16,17,17.0
17,18,17.0
18,19,17.0
19,20,17.0
20,21,17.0
21,22,17.0
22,23,17.0
23,24,17.0
24,25,17.0
25,26,17.0
26,27,17.0
27,28,17.0
28,29,17.0
29,-1,17.0
